6.560735839843750000e+03
6.560993652343750000e+03
6.561251953125000000e+03
6.561423828125000000e+03
6.561509765625000000e+03
6.561595703125000000e+03
6.561681640625000000e+03
6.561767578125000000e+03
6.561854003906250000e+03
6.561939941406250000e+03
6.562025878906250000e+03
6.562111816406250000e+03
6.562197753906250000e+03
6.562283691406250000e+03
6.562369628906250000e+03
6.562455566406250000e+03
6.562541992187500000e+03
6.562627929687500000e+03
6.562713867187500000e+03
6.562799804687500000e+03
6.562885742187500000e+03
6.562971679687500000e+03
6.563057617187500000e+03
6.563144042968750000e+03
6.563229980468750000e+03
6.563315917968750000e+03
6.563401855468750000e+03
6.563487792968750000e+03
6.563573730468750000e+03
6.563659667968750000e+03
6.563745605468750000e+03
6.563832031250000000e+03
6.563917968750000000e+03
6.564003906250000000e+03
6.564089843750000000e+03
